#Layer_Color=16711935
#
#Feature symbol names
#
$0 r3.937
$1 r4

#
#Feature attribute names
#

#
#Layer features
#
A 0.1615748 0.996496 0.1615748 0.996496 0.1418898 0.996496 0 P 0 N
A -1.222441 0.1594488 -1.222441 0.1594488 -1.242126 0.1594488 0 P 0 N
L -0.0059056 0.9783464 -0.0059056 1.0452756 0 P 0
L -0.0059056 0.9783464 0.0295275 0.9783464 0 P 0
L -0.0059056 1.0452756 0.0295275 1.0452756 0 P 0
L 0.0295275 0.9783464 0.0295275 1.0452756 0 P 0
L -0.1031556 0.7622835 -0.1031556 1.1677953 0 P 0
L 0.1064567 0.9098818 0.1064567 1.0319291 0 P 0
L 0.1064567 0.9098818 0.228504 0.9098818 0 P 0
L 0.1064567 1.0319291 0.228504 1.0319291 0 P 0
L -0.1205117 -0.0940945 -0.1205117 -0.0271653 0 P 0
L -0.1320865 -0.6830709 -0.1320865 -0.6161417 0 P 0
L -0.1407086 0.4927165 -0.1407086 0.5596457 0 P 0
L -0.1559448 -0.0271653 -0.1205117 -0.0271653 0 P 0
L -0.1559448 -0.0940945 -0.1205117 -0.0940945 0 P 0
L -0.1559448 -0.0940945 -0.1559448 -0.0271653 0 P 0
L -0.1675196 -0.6161417 -0.1320865 -0.6161417 0 P 0
L -0.1675196 -0.6830709 -0.1320865 -0.6830709 0 P 0
L -0.1675196 -0.6830709 -0.1675196 -0.6161417 0 P 0
L 0.1722441 0.8395669 0.1722441 0.875 0 P 0
L 0.1722441 0.8395669 0.2391733 0.8395669 0 P 0
L 0.1722441 0.875 0.2391733 0.875 0 P 0
L -0.1761417 0.4927165 -0.1407086 0.4927165 0 P 0
L -0.1761417 0.4927165 -0.1761417 0.5596457 0 P 0
L -0.1761417 0.5596457 -0.1407086 0.5596457 0 P 0
L 0.228504 0.9098818 0.228504 1.0319291 0 P 0
L 0.2391733 0.8395669 0.2391733 0.875 0 P 0
L 0.3013386 0.8993308 0.3013386 1.025315 0 P 0
L 0.3013386 0.8993308 0.4273228 0.8993308 0 P 0
L 0.3013386 1.025315 0.4273228 1.025315 0 P 0
L -0.3316929 -0.4911418 -0.3316929 -0.4694883 0 P 0
L -0.331693 -1.0127953 -0.331693 -0.9714567 0 P 0
L -0.3326772 -0.4478347 -0.3326772 -0.4261811 0 P 0
L -0.3326772 -0.9251969 -0.3326772 -0.8838583 0 P 0
L -0.3533465 -0.9714567 -0.331693 -0.9714567 0 P 0
L -0.3533465 -1.0127953 -0.331693 -1.0127953 0 P 0
L -0.3533465 -1.0127953 -0.3533465 -0.9714567 0 P 0
L -0.3543307 -0.8838583 -0.3326772 -0.8838583 0 P 0
L -0.3543307 -0.9251969 -0.3326772 -0.9251969 0 P 0
L -0.3543307 -0.9251969 -0.3543307 -0.8838583 0 P 0
L -0.371063 -1.012441 -0.371063 -0.9711024 0 P 0
L -0.3714173 -0.9244094 -0.3714173 -0.8830708 0 P 0
L -0.3730315 -0.4694883 -0.3316929 -0.4694883 0 P 0
L -0.3730315 -0.4911418 -0.3316929 -0.4911418 0 P 0
L -0.3730315 -0.4911418 -0.3730315 -0.4694883 0 P 0
L -0.3740158 -0.4261811 -0.3326772 -0.4261811 0 P 0
L -0.3740158 -0.4478347 -0.3326772 -0.4478347 0 P 0
L -0.3740158 -0.4478347 -0.3740158 -0.4261811 0 P 0
L -0.3927166 -0.9711024 -0.371063 -0.9711024 0 P 0
L -0.3927166 -1.012441 -0.371063 -1.012441 0 P 0
L -0.3927166 -1.012441 -0.3927166 -0.9711024 0 P 0
L -0.3930709 -0.8830708 -0.3714173 -0.8830708 0 P 0
L -0.3930709 -0.9244094 -0.3714173 -0.9244094 0 P 0
L -0.3930709 -0.9244094 -0.3930709 -0.8830708 0 P 0
L -0.4104331 -0.9246851 -0.4104331 -0.8833465 0 P 0
L -0.4104331 -1.0131497 -0.4104331 -0.9718111 0 P 0
L 0.4273228 0.8993308 0.4273228 1.025315 0 P 0
L -0.4320866 -0.8833465 -0.4104331 -0.8833465 0 P 0
L -0.4320866 -0.9246851 -0.4104331 -0.9246851 0 P 0
L -0.4320866 -0.9246851 -0.4320866 -0.8833465 0 P 0
L -0.4320866 -0.9718111 -0.4104331 -0.9718111 0 P 0
L -0.4320866 -1.0131497 -0.4104331 -1.0131497 0 P 0
L -0.4320866 -1.0131497 -0.4320866 -0.9718111 0 P 0
L 0.4335827 -0.0261023 0.4690158 -0.0261023 0 P 0
L 0.4335827 -0.0930315 0.4335827 -0.0261023 0 P 0
L 0.4335827 -0.0930315 0.4690158 -0.0930315 0 P 0
L 0.4346063 -0.6207874 0.4700394 -0.6207874 0 P 0
L 0.4346063 -0.6877166 0.4346063 -0.6207874 0 P 0
L 0.4346063 -0.6877166 0.4700394 -0.6877166 0 P 0
L -0.4350393 0.8759842 -0.4350393 0.9114173 0 P 0
L 0.437126 0.4942913 0.437126 0.5612205 0 P 0
L 0.437126 0.4942913 0.4725591 0.4942913 0 P 0
L 0.437126 0.5612205 0.4725591 0.5612205 0 P 0
L -0.4539369 -0.9248426 -0.4539369 -0.883504 0 P 0
L 0.4690158 -0.0930315 0.4690158 -0.0261023 0 P 0
L 0.4700394 -0.6877166 0.4700394 -0.6207874 0 P 0
L 0.4725591 0.4942913 0.4725591 0.5612205 0 P 0
L -0.4755904 -0.883504 -0.4539369 -0.883504 0 P 0
L -0.4755904 -0.9248426 -0.4539369 -0.9248426 0 P 0
L -0.4755904 -0.9248426 -0.4755904 -0.883504 0 P 0
L -0.5019685 0.8759842 -0.4350393 0.8759842 0 P 0
L -0.5019685 0.8759842 -0.5019685 0.9114173 0 P 0
L -0.5019685 0.9114173 -0.4350393 0.9114173 0 P 0
L -0.5362244 0.7622835 -0.1031556 0.7622835 0 P 0
L -0.5362244 0.7622835 -0.5362244 1.1677953 0 P 0
L -0.5362244 1.1677953 -0.1031556 1.1677953 0 P 0
L -0.7075984 -0.0954725 -0.7075984 -0.0285433 0 P 0
L -0.7076772 -0.6309055 -0.7076772 -0.5639763 0 P 0
L -0.7089763 0.495748 -0.7089763 0.5626772 0 P 0
L -0.7104331 -0.7344487 -0.7104331 -0.7127952 0 P 0
L -0.7430315 -0.0285433 -0.7075984 -0.0285433 0 P 0
L -0.7430315 -0.0954725 -0.7075984 -0.0954725 0 P 0
L -0.7430315 -0.0954725 -0.7430315 -0.0285433 0 P 0
L -0.7431103 -0.5639763 -0.7076772 -0.5639763 0 P 0
L -0.7431103 -0.6309055 -0.7076772 -0.6309055 0 P 0
L -0.7431103 -0.6309055 -0.7431103 -0.5639763 0 P 0
L -0.7444094 0.495748 -0.7089763 0.495748 0 P 0
L -0.7444094 0.495748 -0.7444094 0.5626772 0 P 0
L -0.7444094 0.5626772 -0.7089763 0.5626772 0 P 0
L 0.7490158 -0.6663387 0.7903544 -0.6663387 0 P 0
L 0.7490158 -0.6879922 0.7490158 -0.6663387 0 P 0
L 0.7490158 -0.6879922 0.7903544 -0.6879922 0 P 0
L -0.7517717 -0.7127952 -0.7104331 -0.7127952 0 P 0
L -0.7517717 -0.7344487 -0.7104331 -0.7344487 0 P 0
L -0.7517717 -0.7344487 -0.7517717 -0.7127952 0 P 0
L 0.7903544 -0.6879922 0.7903544 -0.6663387 0 P 0
L -0.8517716 -0.7340551 -0.8517716 -0.7124016 0 P 0
L -0.8931102 -0.7124016 -0.8517716 -0.7124016 0 P 0
L -0.8931102 -0.7340551 -0.8517716 -0.7340551 0 P 0
L -0.8931102 -0.7340551 -0.8931102 -0.7124016 0 P 0
L 0.9045276 -0.4320867 0.9458662 -0.4320867 0 P 0
L 0.9045276 -0.4537402 0.9045276 -0.4320867 0 P 0
L 0.9045276 -0.4537402 0.9458662 -0.4537402 0 P 0
L -0.9375984 0.126378 -0.9375984 0.1618111 0 P 0
L 0.9458662 -0.4537402 0.9458662 -0.4320867 0 P 0
L -0.949252 0.3270078 -0.949252 0.3683464 0 P 0
L -0.9709055 0.3270078 -0.949252 0.3270078 0 P 0
L -0.9709055 0.3270078 -0.9709055 0.3683464 0 P 0
L -0.9709055 0.3683464 -0.949252 0.3683464 0 P 0
L -1.0045276 0.126378 -0.9375984 0.126378 0 P 0
L -1.0045276 0.126378 -1.0045276 0.1618111 0 P 0
L -1.0045276 0.1618111 -0.9375984 0.1618111 0 P 0
L -1.031496 -0.109795 -1.031496 -0.0428658 0 P 0
L -1.0433071 0.1220473 -1.0433071 0.3582677 0 P 0
L -1.0669291 -0.0428658 -1.031496 -0.0428658 0 P 0
L -1.0669291 -0.109795 -1.031496 -0.109795 0 P 0
L -1.0669291 -0.109795 -1.0669291 -0.0428658 0 P 0
L -1.1427164 0.5137794 -1.1427164 0.555118 0 P 0
L -1.152559 0.4655511 -1.152559 0.4872047 0 P 0
L -1.152559 0.5836613 -1.152559 0.6053149 0 P 0
L -1.16437 0.5137794 -1.1427164 0.5137794 0 P 0
L -1.16437 0.5137794 -1.16437 0.555118 0 P 0
L -1.16437 0.555118 -1.1427164 0.555118 0 P 0
L -1.1938976 0.4655511 -1.152559 0.4655511 0 P 0
L -1.1938976 0.4655511 -1.1938976 0.4872047 0 P 0
L -1.1938976 0.4872047 -1.152559 0.4872047 0 P 0
L -1.1938976 0.5836613 -1.152559 0.5836613 0 P 0
L -1.1938976 0.5836613 -1.1938976 0.6053149 0 P 0
L -1.1938976 0.6053149 -1.152559 0.6053149 0 P 0
L -1.2185038 0.4862204 -1.2185038 0.5531496 0 P 0
L -1.2440944 -0.1043307 -1.2440944 -0.0374015 0 P 0
L -1.2539369 0.4862204 -1.2185038 0.4862204 0 P 0
L -1.2539369 0.4862204 -1.2539369 0.5531496 0 P 0
L -1.2539369 0.5531496 -1.2185038 0.5531496 0 P 0
L -1.2657479 0.4862204 -1.2657479 0.5531496 0 P 0
L -1.2795275 -0.0374015 -1.2440944 -0.0374015 0 P 0
L -1.2795275 -0.1043307 -1.2440944 -0.1043307 0 P 0
L -1.2795275 -0.1043307 -1.2795275 -0.0374015 0 P 0
L -1.2795275 0.1220473 -1.0433071 0.1220473 0 P 0
L -1.2795275 0.1220473 -1.2795275 0.3582677 0 P 0
L -1.2795275 0.3582677 -1.0433071 0.3582677 0 P 0
L -1.2904194 -0.1043307 -1.2904194 -0.0374015 0 P 0
L -1.301181 0.4862204 -1.2657479 0.4862204 0 P 0
L -1.301181 0.4862204 -1.301181 0.5531496 0 P 0
L -1.301181 0.5531496 -1.2657479 0.5531496 0 P 0
L -1.3129922 0.4862204 -1.3129922 0.5531496 0 P 0
L -1.3258525 -0.0374015 -1.2904194 -0.0374015 0 P 0
L -1.3258525 -0.1043307 -1.2904194 -0.1043307 0 P 0
L -1.3258525 -0.1043307 -1.3258525 -0.0374015 0 P 0
L -1.3366141 0.0570865 -1.3366141 0.0925196 0 P 0
L -1.3484253 0.4862204 -1.3129922 0.4862204 0 P 0
L -1.3484253 0.4862204 -1.3484253 0.5531496 0 P 0
L -1.3484253 0.5531496 -1.3129922 0.5531496 0 P 0
L -1.3838582 0.2480314 -1.3838582 0.2834645 0 P 0
L -1.3838582 0.2948818 -1.3838582 0.3303149 0 P 0
L -1.3838582 0.3417322 -1.3838582 0.3771653 0 P 0
L -1.4035433 0.0570865 -1.3366141 0.0570865 0 P 0
L -1.4035433 0.0570865 -1.4035433 0.0925196 0 P 0
L -1.4035433 0.0925196 -1.3366141 0.0925196 0 P 0
L -1.4232283 0.1803328 -1.4232283 0.2157659 0 P 0
L -1.4350393 0.4003757 -1.4350393 0.4358088 0 P 0
L -1.4507874 0.2480314 -1.3838582 0.2480314 0 P 0
L -1.4507874 0.2480314 -1.4507874 0.2834645 0 P 0
L -1.4507874 0.2834645 -1.3838582 0.2834645 0 P 0
L -1.4507874 0.2948818 -1.3838582 0.2948818 0 P 0
L -1.4507874 0.2948818 -1.4507874 0.3303149 0 P 0
L -1.4507874 0.3303149 -1.3838582 0.3303149 0 P 0
L -1.4507874 0.3417322 -1.3838582 0.3417322 0 P 0
L -1.4507874 0.3417322 -1.4507874 0.3771653 0 P 0
L -1.4507874 0.3771653 -1.3838582 0.3771653 0 P 0
L -1.4519707 0.127516 -1.4519707 0.147201 1 P 0
L -1.4901575 0.1803328 -1.4232283 0.1803328 0 P 0
L -1.4901575 0.1803328 -1.4901575 0.2157659 0 P 0
L -1.4901575 0.2157659 -1.4232283 0.2157659 0 P 0
L -1.4913407 0.127516 -1.4519707 0.127516 1 P 0
L -1.4913407 0.127516 -1.4913407 0.147201 1 P 0
L -1.4913407 0.147201 -1.4519707 0.147201 1 P 0
L -1.5019685 0.4003757 -1.4350393 0.4003757 0 P 0
L -1.5019685 0.4003757 -1.5019685 0.4358088 0 P 0
L -1.5019685 0.4358088 -1.4350393 0.4358088 0 P 0
L -1.6141732 -1.2795276 -1.6141732 1.2795276 0 P 0
L -1.6141732 1.2795276 1.6141732 1.2795276 0 P 0
L 1.6141732 -1.2795276 1.6141732 1.2795276 0 P 0
L -1.6141732 -1.2795276 1.6141732 -1.2795276 0 P 0
