#Layer_Color=32768
#
#Feature symbol names
#
$0 r3.937
$1 r1.9685

#
#Feature attribute names
#

#
#Layer features
#
A 0.4480171 -0.2855902 0.0244239 -0.2855902 0.2362205 0.1929134 0 P 0 N
A -0.6543451 -0.2855902 -1.0779383 -0.2855902 -0.8661417 0.1929134 0 P 0 N
A 1.0059055 -0.8818898 1.0059055 -0.8818898 0.7755905 -0.8818898 0 P 0 N
L 0 -0.007874 0 0.007874 0 P 0
L 0 -0.1692913 0 -0.1456693 0 P 0
L -0.0059056 1.011811 0.0295275 1.011811 0 P 0
L -0.007874 0 0.007874 0 0 P 0
L -0.0078741 0.9655512 -0.0078741 1.0580708 0 P 0
L -0.0078741 0.9655512 0.031496 0.9655512 0 P 0
L -0.0078741 1.0580708 0.031496 1.0580708 0 P 0
L -0.0111023 -0.5984252 -0.0111023 -0.5826772 0 P 0
L -0.011811 -0.1574803 0.011811 -0.1574803 0 P 0
L 0.011811 0.9940945 0.011811 1.0295275 0 P 0
L -0.0182677 0.5826772 -0.0182677 0.5984252 0 P 0
L -0.0189763 -0.5905512 -0.0032283 -0.5905512 0 P 0
L 0.0236221 -0.4330709 0.0244239 -0.4322691 0 P 0
L 0.0236221 -0.4330709 0.4472153 -0.4330709 0 P 0
L 0.0244239 -0.4322691 0.0244239 -0.2855902 0 P 0
L -0.0261417 0.5905512 -0.0103937 0.5905512 0 P 0
L 0.031496 0.9655512 0.031496 1.0580708 0 P 0
L -0.053937 0.7504725 -0.053937 1.1796063 0 P 0
L -0.0729528 0.1067323 -0.0729528 0.1303543 0 P 0
L 0.0817323 0.5055512 0.0817323 0.6755512 0 P 0
L -0.0835827 -0.4815748 -0.0835827 -0.4579528 0 P 0
L -0.0847638 0.1185433 -0.0611418 0.1185433 0 P 0
L 0.0887402 0.8921653 0.0887402 1.0496456 1 P 0
L 0.0887402 0.8921653 0.2462205 0.8921653 1 P 0
L 0.0887402 1.0496456 0.2462205 1.0496456 1 P 0
L 0.0888977 -0.6755512 0.0888977 -0.5055512 0 P 0
L -0.0907977 0.952756 -0.0907977 0.976378 0 P 0
L -0.091782 0.8582677 -0.091782 0.8818897 0 P 0
L -0.0922835 0.6995276 -0.0922835 0.7231496 0 P 0
L -0.0953937 -0.4697638 -0.0717717 -0.4697638 0 P 0
L 0.0984252 1.0826772 0.1220472 1.0826772 0 P 0
L 0.1 -0.085 0.1 0.085 0 P 0
L -0.1 0.085 0.1 0.085 0 P 0
L -0.1 -0.085 -0.1 0.085 0 P 0
L -0.1 -0.085 0.1 -0.085 0 P 0
L -0.1026087 0.964567 -0.0789867 0.964567 0 P 0
L -0.103593 0.8700787 -0.079971 0.8700787 0 P 0
L -0.1040945 0.7113386 -0.0804725 0.7113386 0 P 0
L -0.11 -0.1074803 0.11 -0.1074803 0 P 0
L -0.11 -0.2074803 -0.11 -0.1074803 0 P 0
L 0.11 -0.2074803 0.11 -0.1074803 0 P 0
L -0.11 -0.2074803 0.11 -0.2074803 0 P 0
L 0.1102362 1.0708662 0.1102362 1.0944882 0 P 0
L -0.1111023 -0.5055512 0.0888977 -0.5055512 0 P 0
L -0.1111023 -0.6755512 0.0888977 -0.6755512 0 P 0
L -0.1111023 -0.6755512 -0.1111023 -0.5055512 0 P 0
L -0.1182677 0.5055512 0.0817323 0.5055512 0 P 0
L -0.1182677 0.5055512 -0.1182677 0.6755512 0 P 0
L -0.1182677 0.6755512 0.0817323 0.6755512 0 P 0
L -0.1185432 -0.1068897 -0.1185432 -0.0143701 0 P 0
L -0.130118 -0.6958661 -0.130118 -0.6033465 0 P 0
L -0.1382283 -0.0783464 -0.1382283 -0.0429134 0 P 0
L -0.1387401 0.4799213 -0.1387401 0.5724409 0 P 0
L -0.1498031 -0.6673228 -0.1498031 -0.6318898 0 P 0
L 0.1556693 0.9709054 0.1792913 0.9709054 0 P 0
L -0.1559448 -0.0606299 -0.1205117 -0.0606299 0 P 0
L -0.1579133 -0.0143701 -0.1185432 -0.0143701 0 P 0
L -0.1579133 -0.1068897 -0.1185432 -0.1068897 0 P 0
L -0.1579133 -0.1068897 -0.1579133 -0.0143701 0 P 0
L -0.1584252 0.5084646 -0.1584252 0.5438976 0 P 0
L 0.1594489 0.8375984 0.1594489 0.8769685 0 P 0
L 0.1594489 0.8375984 0.2519685 0.8375984 0 P 0
L 0.1594489 0.8769685 0.2519685 0.8769685 0 P 0
L 0.1674803 0.9590944 0.1674803 0.9827164 0 P 0
L -0.1675196 -0.6496063 -0.1320865 -0.6496063 0 P 0
L -0.1694881 -0.6033465 -0.130118 -0.6033465 0 P 0
L -0.1694881 -0.6958661 -0.130118 -0.6958661 0 P 0
L -0.1694881 -0.6958661 -0.1694881 -0.6033465 0 P 0
L -0.1761417 0.5261811 -0.1407086 0.5261811 0 P 0
L -0.1781102 0.4799213 -0.1387401 0.4799213 0 P 0
L -0.1781102 0.4799213 -0.1781102 0.5724409 0 P 0
L -0.1781102 0.5724409 -0.1387401 0.5724409 0 P 0
L -0.1850394 -0.4795275 -0.1850394 -0.4559055 0 P 0
L 0.1879922 0.8572835 0.2234252 0.8572835 0 P 0
L -0.1929134 -0.6692913 -0.1929134 -0.5196851 0 P 0
L -0.1968504 -0.4677165 -0.1732284 -0.4677165 0 P 0
L 0.2057087 0.8395669 0.2057087 0.875 0 P 0
L 0.2165355 0.1968504 0.2559055 0.1968504 0 P 0
L -0.2204724 -0.934055 -0.2204724 -0.910433 0 P 0
L -0.2244094 0.7878346 -0.2244094 0.8587008 0 P 0
L -0.2244094 0.9331496 -0.2244094 1.0040158 0 P 0
L -0.2322834 -0.922244 -0.2086614 -0.922244 0 P 0
L 0.2362205 0.1771654 0.2362205 0.2165354 0 P 0
L 0.2462205 0.8921653 0.2462205 1.0496456 1 P 0
L 0.2519685 0.8375984 0.2519685 0.8769685 0 P 0
L -0.2637795 -0.4795275 -0.2637795 -0.4559055 0 P 0
L -0.2755905 -0.4677165 -0.2519685 -0.4677165 0 P 0
L -0.2883858 -0.9340551 -0.2883858 -0.9104331 0 P 0
L 0.2895276 0.8875198 0.2895276 1.037126 0 P 0
L 0.2895276 0.8875198 0.4391338 0.8875198 0 P 0
L 0.2895276 1.037126 0.4391338 1.037126 0 P 0
L -0.3001968 -0.9222441 -0.2765748 -0.9222441 0 P 0
L -0.3031496 -0.6062992 -0.3031496 -0.5826772 0 P 0
L -0.3149606 -0.5944882 -0.2913386 -0.5944882 0 P 0
L -0.3149606 0.8035827 -0.3149606 0.8429527 0 P 0
L -0.3149606 0.9488977 -0.3149606 0.9882677 0 P 0
L -0.3169292 -0.4980316 -0.3169292 -0.4625985 1 P 0
L -0.3179134 -0.4507874 -0.3179134 -0.4232284 0 P 0
L -0.319685 0.9335433 -0.319685 0.9965355 0 P 0
L -0.3248032 -1.027559 -0.3248032 -0.9566929 1 P 0
L -0.3257874 -0.9399606 -0.3257874 -0.8690945 1 P 0
L -0.3346456 0.8232677 -0.2952756 0.8232677 0 P 0
L -0.3346456 0.9685827 -0.2952756 0.9685827 0 P 0
L -0.3425197 -1.0029527 -0.3425197 -0.9812992 0 P 0
L -0.3435039 -0.9153543 -0.3435039 -0.8937008 0 P 0
L -0.3511811 0.9650394 -0.2881889 0.9650394 0 P 0
L -0.3523622 -0.4911418 -0.3523622 -0.4694883 0 P 0
L 0.3525197 0.9623229 0.3761417 0.9623229 0 P 0
L -0.3533465 -0.4478347 -0.3533465 -0.4261811 0 P 0
L -0.3533465 -0.992126 -0.331693 -0.992126 0 P 0
L -0.3543307 -0.9045276 -0.3326772 -0.9045276 0 P 0
L -0.3602363 -0.9566929 -0.3248032 -0.9566929 1 P 0
L -0.3602363 -1.027559 -0.3248032 -1.027559 1 P 0
L -0.3602363 -1.027559 -0.3602363 -0.9566929 1 P 0
L -0.3612205 -0.8690945 -0.3257874 -0.8690945 1 P 0
L -0.3612205 -0.9399606 -0.3257874 -0.9399606 1 P 0
L -0.3612205 -0.9399606 -0.3612205 -0.8690945 1 P 0
L -0.363189 -0.480315 -0.3415355 -0.480315 0 P 0
L -0.3641732 -0.4370079 -0.3425197 -0.4370079 0 P 0
L 0.3643307 0.9505119 0.3643307 0.9741339 0 P 0
L -0.3681103 -1.0272047 -0.3681103 -0.9563386 0 P 0
L -0.3684646 -0.9391732 -0.3684646 -0.8683071 0 P 0
L -0.3818898 -1.0025984 -0.3818898 -0.9809449 0 P 0
L -0.3822441 -0.9145669 -0.3822441 -0.8929134 0 P 0
L -0.3877953 -0.4625985 -0.3169292 -0.4625985 1 P 0
L -0.3877953 -0.4980316 -0.3169292 -0.4980316 1 P 0
L -0.3877953 -0.4980316 -0.3877953 -0.4625985 1 P 0
L -0.3887795 -0.4232284 -0.3179134 -0.4232284 0 P 0
L -0.3887795 -0.4507874 -0.3179134 -0.4507874 0 P 0
L -0.3887795 -0.4507874 -0.3887795 -0.4232284 0 P 0
L -0.3927166 -0.9917717 -0.371063 -0.9917717 0 P 0
L -0.3930709 -0.9037401 -0.3714173 -0.9037401 0 P 0
L -0.3956693 -0.9563386 -0.3681103 -0.9563386 0 P 0
L -0.3956693 -1.0272047 -0.3681103 -1.0272047 0 P 0
L -0.3956693 -1.0272047 -0.3956693 -0.9563386 0 P 0
L -0.3960236 -0.8683071 -0.3684646 -0.8683071 0 P 0
L -0.3960236 -0.9391732 -0.3684646 -0.9391732 0 P 0
L -0.3960236 -0.9391732 -0.3960236 -0.8683071 0 P 0
L -0.4035433 -0.9394488 -0.4035433 -0.8685827 1 P 0
L -0.4035433 -1.0279134 -0.4035433 -0.9570473 1 P 0
L -0.4055118 0.7878346 -0.2244094 0.7878346 0 P 0
L -0.4055118 0.7878346 -0.4055118 0.8587008 0 P 0
L -0.4055118 0.8587008 -0.2244094 0.8587008 0 P 0
L -0.4055118 0.9331496 -0.2244094 0.9331496 0 P 0
L -0.4055118 0.9331496 -0.4055118 1.0040158 0 P 0
L -0.4055118 1.0040158 -0.2244094 1.0040158 0 P 0
L -0.4094488 -0.5196851 -0.1929134 -0.5196851 0 P 0
L -0.4094488 -0.6692913 -0.1929134 -0.6692913 0 P 0
L -0.4094488 -0.6692913 -0.4094488 -0.5196851 0 P 0
L -0.4212598 -0.9148425 -0.4212598 -0.893189 0 P 0
L -0.4212598 -1.0033071 -0.4212598 -0.9816536 0 P 0
L -0.4222441 0.8740157 -0.4222441 0.9133858 0 P 0
L 0.4316142 -0.0133071 0.4709843 -0.0133071 0 P 0
L 0.4316142 -0.1058267 0.4316142 -0.0133071 0 P 0
L 0.4316142 -0.1058267 0.4709843 -0.1058267 0 P 0
L -0.4320866 -0.9040158 -0.4104331 -0.9040158 0 P 0
L -0.4320866 -0.9924804 -0.4104331 -0.9924804 0 P 0
L 0.4326378 -0.6079922 0.4720079 -0.6079922 0 P 0
L 0.4326378 -0.7005118 0.4326378 -0.6079922 0 P 0
L 0.4326378 -0.7005118 0.4720079 -0.7005118 0 P 0
L 0.4335827 -0.0595669 0.4690158 -0.0595669 0 P 0
L 0.4346063 -0.654252 0.4700394 -0.654252 0 P 0
L 0.4351575 0.4814961 0.4351575 0.5740157 0 P 0
L 0.4351575 0.4814961 0.4745276 0.4814961 0 P 0
L 0.4351575 0.5740157 0.4745276 0.5740157 0 P 0
L 0.437126 0.5277559 0.4725591 0.5277559 0 P 0
L -0.4389764 -0.8685827 -0.4035433 -0.8685827 1 P 0
L -0.4389764 -0.9394488 -0.4035433 -0.9394488 1 P 0
L -0.4389764 -0.9394488 -0.4389764 -0.8685827 1 P 0
L -0.4389764 -0.9570473 -0.4035433 -0.9570473 1 P 0
L -0.4389764 -1.0279134 -0.4035433 -1.0279134 1 P 0
L -0.4389764 -1.0279134 -0.4389764 -0.9570473 1 P 0
L 0.4391338 0.8875198 0.4391338 1.037126 0 P 0
L -0.4470471 -0.9396064 -0.4470471 -0.8687403 1 P 0
L 0.4472153 -0.4330709 0.4480171 -0.4322691 0 P 0
L 0.4480171 -0.4322691 0.4480171 -0.2855902 0 P 0
L 0.4512992 -0.0772834 0.4512992 -0.0418504 0 P 0
L 0.4523228 -0.6719685 0.4523228 -0.6365355 0 P 0
L 0.4548425 0.5100394 0.4548425 0.5454724 0 P 0
L -0.4645669 0.6732284 -0.4645669 0.6968504 0 P 0
L -0.4645669 0.7519685 -0.4645669 0.7755905 0 P 0
L -0.4647637 -0.9150001 -0.4647637 -0.8933466 0 P 0
L -0.4685039 0.8759842 -0.4685039 0.9114173 0 P 0
L 0.4709843 -0.1058267 0.4709843 -0.0133071 0 P 0
L 0.4720079 -0.7005118 0.4720079 -0.6079922 0 P 0
L 0.4745276 0.4814961 0.4745276 0.5740157 0 P 0
L -0.4755904 -0.9041733 -0.4539369 -0.9041733 0 P 0
L -0.4763779 0.6850394 -0.4527559 0.6850394 0 P 0
L -0.4763779 0.7637795 -0.4527559 0.7637795 0 P 0
L -0.4799212 -0.9851575 -0.4799212 -0.9615355 0 P 0
L -0.4824802 -0.8687403 -0.4470471 -0.8687403 1 P 0
L -0.4824802 -0.9396064 -0.4470471 -0.9396064 1 P 0
L -0.4824802 -0.9396064 -0.4824802 -0.8687403 1 P 0
L -0.4862204 0.8937008 -0.4507874 0.8937008 0 P 0
L 0.4905512 -0.085 0.4905512 0.085 0 P 0
L -0.4905512 -0.085 -0.4905512 0.085 0 P 0
L 0.4905512 0.085 0.6905512 0.085 0 P 0
L 0.4905512 -0.085 0.6905512 -0.085 0 P 0
L 0.4905512 0.5055512 0.4905512 0.6755512 0 P 0
L -0.4905512 0.5055512 -0.4905512 0.6755512 0 P 0
L 0.4905512 -0.5055512 0.6905512 -0.5055512 0 P 0
L 0.4905512 0.5055512 0.6905512 0.5055512 0 P 0
L 0.4905512 -0.6755512 0.4905512 -0.5055512 0 P 0
L -0.4905512 -0.6755512 -0.4905512 -0.5055512 0 P 0
L 0.4905512 -0.6755512 0.6905512 -0.6755512 0 P 0
L 0.4905512 0.6755512 0.6905512 0.6755512 0 P 0
L -0.4917322 -0.9733465 -0.4681102 -0.9733465 0 P 0
L 0.5059449 0.7137008 0.5295669 0.7137008 0 P 0
L 0.5067717 -0.4709055 0.5303937 -0.4709055 0 P 0
L 0.507874 0.1181102 0.531496 0.1181102 0 P 0
L -0.5147637 0.8740157 -0.4222441 0.8740157 0 P 0
L -0.5147637 0.8740157 -0.5147637 0.9133858 0 P 0
L -0.5147637 0.9133858 -0.4222441 0.9133858 0 P 0
L 0.5177559 0.7018898 0.5177559 0.7255118 0 P 0
L 0.5185827 -0.4827165 0.5185827 -0.4590945 0 P 0
L 0.519685 0.1062992 0.519685 0.1299212 0 P 0
L 0.519685 0.8779527 0.519685 0.9488189 0 P 0
L 0.519685 0.8779527 0.7007874 0.8779527 0 P 0
L 0.519685 0.9488189 0.7007874 0.9488189 0 P 0
L 0.519685 0.9803149 0.519685 1.0511811 0 P 0
L 0.519685 0.9803149 0.7007874 0.9803149 0 P 0
L 0.519685 1.0511811 0.7007874 1.0511811 0 P 0
L 0.5433071 1.0866142 0.5669291 1.0866142 0 P 0
L 0.5551181 1.0748032 0.5551181 1.0984252 0 P 0
L -0.5761811 -1.1624016 -0.5761811 -0.7624016 0 P 0
L 0.5826772 0 0.5984252 0 0 P 0
L 0.5826772 -0.5905512 0.5984252 -0.5905512 0 P 0
L 0.5826772 0.5905512 0.5984252 0.5905512 0 P 0
L -0.585433 0.7504725 -0.053937 0.7504725 0 P 0
L -0.585433 0.7504725 -0.585433 1.1796063 0 P 0
L -0.585433 1.1796063 -0.053937 1.1796063 0 P 0
L 0.5905512 -0.007874 0.5905512 0.007874 0 P 0
L -0.5905512 -0.007874 -0.5905512 0.007874 0 P 0
L 0.5905512 0.5826772 0.5905512 0.5984252 0 P 0
L -0.5905512 0.5826772 -0.5905512 0.5984252 0 P 0
L 0.5905512 -0.5984252 0.5905512 -0.5826772 0 P 0
L -0.5905512 -0.5984252 -0.5905512 -0.5826772 0 P 0
L 0.5905512 0.9133858 0.6299212 0.9133858 0 P 0
L 0.5905512 1.015748 0.6299212 1.015748 0 P 0
L -0.5984252 0 -0.5826772 0 0 P 0
L 0.5984252 0.3236615 0.6220472 0.3236615 0 P 0
L 0.5984252 0.3997638 0.6220472 0.3997638 0 P 0
L -0.5984252 -0.5905512 -0.5826772 -0.5905512 0 P 0
L -0.5984252 0.5905512 -0.5826772 0.5905512 0 P 0
L 0.5988189 0.2429134 0.6224409 0.2429134 0 P 0
L 0.6023622 0.1811024 0.6259842 0.1811024 0 P 0
L 0.6102362 0.3118505 0.6102362 0.3354725 0 P 0
L 0.6102362 0.3879528 0.6102362 0.4115748 0 P 0
L 0.6102362 0.8937008 0.6102362 0.9330708 0 P 0
L 0.6102362 0.996063 0.6102362 1.035433 0 P 0
L 0.6106299 0.2311024 0.6106299 0.2547244 0 P 0
L 0.6141732 0.1692914 0.6141732 0.1929134 0 P 0
L 0.6505906 0.4694882 0.6742126 0.4694882 0 P 0
L -0.6543451 -0.4322691 -0.6543451 -0.2855902 0 P 0
L 0.6545276 0.8277559 0.6781496 0.8277559 0 P 0
L -0.6551469 -0.4330709 -0.6543451 -0.4322691 0 P 0
L -0.6615748 -0.4790157 -0.6615748 -0.4553937 0 P 0
L 0.6624016 0.4576772 0.6624016 0.4812992 0 P 0
L -0.6633071 0.6988977 -0.6633071 0.7225197 0 P 0
L -0.6645669 0.107126 -0.6645669 0.130748 0 P 0
L 0.6663386 0.8159449 0.6663386 0.8395669 0 P 0
L -0.6733858 -0.4672047 -0.6497638 -0.4672047 0 P 0
L -0.6751181 0.7107087 -0.6514961 0.7107087 0 P 0
L -0.6763779 0.118937 -0.6527559 0.118937 0 P 0
L 0.6889764 -0.8474409 0.8700788 -0.8474409 0 P 0
L 0.6889764 -0.9183071 0.6889764 -0.8474409 0 P 0
L 0.6889764 -0.9183071 0.8700788 -0.9183071 0 P 0
L -0.6905512 0.085 -0.4905512 0.085 0 P 0
L -0.6905512 -0.085 -0.4905512 -0.085 0 P 0
L 0.6905512 -0.085 0.6905512 0.085 0 P 0
L -0.6905512 -0.085 -0.6905512 0.085 0 P 0
L -0.6905512 -0.5055512 -0.4905512 -0.5055512 0 P 0
L -0.6905512 0.5055512 -0.4905512 0.5055512 0 P 0
L 0.6905512 0.5055512 0.6905512 0.6755512 0 P 0
L -0.6905512 0.5055512 -0.6905512 0.6755512 0 P 0
L -0.6905512 -0.6755512 -0.4905512 -0.6755512 0 P 0
L -0.6905512 0.6755512 -0.4905512 0.6755512 0 P 0
L 0.6905512 -0.6755512 0.6905512 -0.5055512 0 P 0
L -0.6905512 -0.6755512 -0.6905512 -0.5055512 0 P 0
L -0.6956693 -0.7413385 -0.6956693 -0.7059054 1 P 0
L 0.7007874 -0.7027559 0.8188976 -0.7027559 0 P 0
L 0.7007874 -0.8307086 0.7007874 -0.7027559 0 P 0
L 0.7007874 -0.8326771 0.8188976 -0.8326771 0 P 0
L 0.7007874 0.8779527 0.7007874 0.9488189 0 P 0
L 0.7007874 0.9803149 0.7007874 1.0511811 0 P 0
L -0.7056299 -0.1082677 -0.7056299 -0.0157481 0 P 0
L -0.7057087 -0.6437007 -0.7057087 -0.5511811 0 P 0
L -0.7070078 0.4829528 -0.7070078 0.5754724 0 P 0
L -0.725315 -0.0797244 -0.725315 -0.0442914 0 P 0
L -0.7253937 -0.6151574 -0.7253937 -0.5797244 0 P 0
L -0.7266929 0.5114961 -0.7266929 0.5469291 0 P 0
L -0.7311024 -0.7344487 -0.7311024 -0.7127952 0 P 0
L 0.734252 -0.6594489 0.8051181 -0.6594489 1 P 0
L 0.734252 -0.694882 0.734252 -0.6594489 1 P 0
L 0.734252 -0.694882 0.8051181 -0.694882 1 P 0
L -0.7419291 -0.723622 -0.7202756 -0.723622 0 P 0
L -0.7430315 -0.0620079 -0.7075984 -0.0620079 0 P 0
L -0.7431103 -0.5974409 -0.7076772 -0.5974409 0 P 0
L -0.7444094 0.5292126 -0.7089763 0.5292126 0 P 0
L -0.745 -0.0157481 -0.7056299 -0.0157481 0 P 0
L -0.745 -0.1082677 -0.7056299 -0.1082677 0 P 0
L -0.745 -0.1082677 -0.745 -0.0157481 0 P 0
L -0.7450788 -0.5511811 -0.7057087 -0.5511811 0 P 0
L -0.7450788 -0.6437007 -0.7057087 -0.6437007 0 P 0
L -0.7450788 -0.6437007 -0.7450788 -0.5511811 0 P 0
L -0.7463779 0.4829528 -0.7070078 0.4829528 0 P 0
L -0.7463779 0.4829528 -0.7463779 0.5754724 0 P 0
L -0.7463779 0.5754724 -0.7070078 0.5754724 0 P 0
L 0.7480315 -0.7677165 0.7716535 -0.7677165 0 P 0
L 0.7588583 -0.6771654 0.7805118 -0.6771654 0 P 0
L 0.7598425 -0.7795275 0.7598425 -0.7559055 0 P 0
L 0.7598426 -0.882874 0.7992126 -0.882874 0 P 0
L -0.7665354 -0.7059054 -0.6956693 -0.7059054 1 P 0
L -0.7665354 -0.7413385 -0.6956693 -0.7413385 1 P 0
L -0.7665354 -0.7413385 -0.7665354 -0.7059054 1 P 0
L 0.7696851 -0.6879922 0.7696851 -0.6663387 0 P 0
L 0.7795276 -0.902559 0.7795276 -0.863189 0 P 0
L -0.7866142 -0.6141732 -0.7866142 -0.5905512 0 P 0
L -0.7984252 -0.6023622 -0.7748032 -0.6023622 0 P 0
L -0.8011811 -0.976378 -0.8011811 -0.952756 0 P 0
L 0.8051181 -0.694882 0.8051181 -0.6594489 1 P 0
L -0.8129921 -0.964567 -0.7893701 -0.964567 0 P 0
L 0.8188976 -0.8307086 0.8188976 -0.7027559 0 P 0
L -0.8370079 -0.7409449 -0.8370079 -0.7055118 1 P 0
L -0.853937 -0.6606299 -0.853937 -0.6370079 0 P 0
L -0.865748 -0.6488189 -0.842126 -0.6488189 0 P 0
L -0.8661417 0.1771654 -0.8661417 0.2165354 0 P 0
L 0.8700788 -0.9183071 0.8700788 -0.8474409 0 P 0
L -0.8724409 -0.7340551 -0.8724409 -0.7124016 0 P 0
L -0.8832677 -0.7232283 -0.8616142 -0.7232283 0 P 0
L -0.8858267 0.1968504 -0.8464567 0.1968504 0 P 0
L 0.8858268 -0.3149606 0.8858268 0.3149606 0 P 0
L 0.8858268 -0.3149606 1.3976378 -0.3149606 0 P 0
L 0.8858268 0.3149606 1.3976378 0.3149606 0 P 0
L 0.8897638 -0.4251969 0.9606299 -0.4251969 1 P 0
L 0.8897638 -0.46063 0.8897638 -0.4251969 1 P 0
L 0.8897638 -0.46063 0.9606299 -0.46063 1 P 0
L -0.907874 -0.7055118 -0.8370079 -0.7055118 1 P 0
L -0.907874 -0.7409449 -0.8370079 -0.7409449 1 P 0
L -0.907874 -0.7409449 -0.907874 -0.7055118 1 P 0
L 0.9143701 -0.4429134 0.9360236 -0.4429134 0 P 0
L -0.9248032 0.1244095 -0.9248032 0.1637796 0 P 0
L 0.9251969 -0.4537402 0.9251969 -0.4320867 0 P 0
L 0.9409449 0.3149606 1.2795276 0.3149606 0 P 0
L -0.9423622 0.3122441 -0.9423622 0.3831102 1 P 0
L -0.9600787 0.3368504 -0.9600787 0.3585039 0 P 0
L 0.9606299 -0.46063 0.9606299 -0.4251969 1 P 0
L -0.9645669 0.6708661 -0.9645669 0.8767716 0 P 0
L -0.9709055 0.3476771 -0.949252 0.3476771 0 P 0
L -0.971063 0.126378 -0.971063 0.1618111 0 P 0
L -0.9777953 0.3122441 -0.9423622 0.3122441 1 P 0
L -0.9777953 0.3122441 -0.9777953 0.3831102 1 P 0
L -0.9777953 0.3831102 -0.9423622 0.3831102 1 P 0
L 0.984252 -0.3405512 1.1023622 -0.3405512 0 P 0
L 0.984252 -0.4704724 0.984252 -0.3425197 0 P 0
L 0.984252 -0.4704724 1.1023622 -0.4704724 0 P 0
L -0.9887795 0.1440945 -0.9533465 0.1440945 0 P 0
L -1.0137795 -0.5068897 -1.0137795 -0.4832677 0 P 0
L -1.0173228 0.1244095 -0.9248032 0.1244095 0 P 0
L -1.0173228 0.1244095 -1.0173228 0.1637796 0 P 0
L -1.0173228 0.1637796 -0.9248032 0.1637796 0 P 0
L -1.019685 0.0984252 -1.019685 0.3818898 0 P 0
L -1.0255905 -0.4950787 -1.0019685 -0.4950787 0 P 0
L -1.0261811 -0.7624016 -0.5761811 -0.7624016 0 P 0
L -1.0261811 -1.1624016 -0.5761811 -1.1624016 0 P 0
L -1.0261811 -1.1624016 -1.0261811 -0.7624016 0 P 0
L -1.0295275 -0.1225902 -1.0295275 -0.0300706 0 P 0
L 1.0314961 -0.4055118 1.0551181 -0.4055118 0 P 0
L 1.0433071 -0.4173228 1.0433071 -0.3937008 0 P 0
L -1.0492126 -0.0940469 -1.0492126 -0.0586139 0 P 0
L -1.0669291 -0.0763304 -1.031496 -0.0763304 0 P 0
L -1.0688976 -0.0300706 -1.0295275 -0.0300706 0 P 0
L -1.0688976 -0.1225902 -1.0295275 -0.1225902 0 P 0
L -1.0688976 -0.1225902 -1.0688976 -0.0300706 0 P 0
L -1.0779383 -0.4322691 -1.0779383 -0.2855902 0 P 0
L -1.0787401 -0.4330709 -0.6551469 -0.4330709 0 P 0
L -1.0787401 -0.4330709 -1.0779383 -0.4322691 0 P 0
L -1.080315 -0.0866142 -1.080315 -0.007874 0 P 0
L 1.1023622 -0.4704724 1.1023622 -0.3425197 0 P 0
L 1.1082677 -0.0669291 1.1318897 -0.0669291 0 P 0
L 1.1200787 -0.0787401 1.1200787 -0.0551181 0 P 0
L 1.1299213 0 1.1535433 0 0 P 0
L -1.1377952 0.4625984 -1.1377952 0.4901574 0 P 0
L -1.1377952 0.5807086 -1.1377952 0.6082676 0 P 0
L -1.1377953 -0.6968504 -1.1377953 -0.507874 0 P 0
L -1.1397637 0.4990156 -1.1397637 0.5698818 0 P 0
L 1.1417323 -0.011811 1.1417323 0.011811 0 P 0
L -1.1535432 0.5236219 -1.1535432 0.5452755 0 P 0
L -1.1551181 -0.0590551 -1.1551181 -0.0354331 0 P 0
L -1.1614173 0.2204725 -1.1614173 0.2598425 0 P 0
L -1.16437 0.5344487 -1.1427164 0.5344487 0 P 0
L -1.1669291 -0.0472441 -1.1433071 -0.0472441 0 P 0
L -1.1673227 0.4990156 -1.1397637 0.4990156 0 P 0
L -1.1673227 0.4990156 -1.1673227 0.5698818 0 P 0
L -1.1673227 0.5698818 -1.1397637 0.5698818 0 P 0
L 1.1692914 -1.0629921 1.1929134 -1.0629921 0 P 0
L 1.1692914 1.0629921 1.1929134 1.0629921 0 P 0
L -1.1732283 0.4655511 -1.1732283 0.4872047 0 P 0
L -1.1732283 0.5836613 -1.1732283 0.6053149 0 P 0
L -1.1811023 0.2401575 -1.1417323 0.2401575 0 P 0
L 1.1811024 1.0511811 1.1811024 1.0748031 0 P 0
L -1.1811024 1.0511811 -1.1811024 1.0748031 0 P 0
L 1.1811024 -1.0748031 1.1811024 -1.0511811 0 P 0
L -1.184055 0.4763779 -1.1624015 0.4763779 0 P 0
L -1.184055 0.5944881 -1.1624015 0.5944881 0 P 0
L -1.1929134 1.0629921 -1.1692914 1.0629921 0 P 0
L -1.2086613 0.4625984 -1.1377952 0.4625984 0 P 0
L -1.2086613 0.4625984 -1.2086613 0.4901574 0 P 0
L -1.2086613 0.4901574 -1.1377952 0.4901574 0 P 0
L -1.2086613 0.5807086 -1.1377952 0.5807086 0 P 0
L -1.2086613 0.5807086 -1.2086613 0.6082676 0 P 0
L -1.2086613 0.6082676 -1.1377952 0.6082676 0 P 0
L -1.2102362 -0.4468504 -1.2102362 -0.4232284 0 P 0
L -1.2165353 0.4734252 -1.2165353 0.5659448 0 P 0
L -1.2220472 -0.4350394 -1.1984252 -0.4350394 0 P 0
L -1.2299212 -0.007874 -1.080315 -0.007874 0 P 0
L -1.2299212 -0.0866142 -1.080315 -0.0866142 0 P 0
L -1.2299212 -0.0866142 -1.2299212 -0.007874 0 P 0
L -1.2322835 -0.6141732 -1.2322835 -0.5905512 0 P 0
L -1.2362204 0.5019685 -1.2362204 0.5374015 0 P 0
L -1.2362205 0.7704724 -1.2362205 0.7940944 0 P 0
L -1.2421259 -0.1171259 -1.2421259 -0.0246063 0 P 0
L -1.2440945 -0.6023622 -1.2204725 -0.6023622 0 P 0
L -1.2480315 0.7822834 -1.2244095 0.7822834 0 P 0
L -1.2539369 0.519685 -1.2185038 0.519685 0 P 0
L -1.2543307 -0.3822834 -1.2543307 -0.3586614 0 P 0
L -1.2559054 0.4734252 -1.2165353 0.4734252 0 P 0
L -1.2559054 0.4734252 -1.2559054 0.5659448 0 P 0
L -1.2559054 0.5659448 -1.2165353 0.5659448 0 P 0
L -1.261811 -0.0885826 -1.261811 -0.0531496 0 P 0
L -1.2637794 0.4734252 -1.2637794 0.5659448 0 P 0
L -1.2661417 -0.3704724 -1.2425197 -0.3704724 0 P 0
L -1.2795275 -0.0708661 -1.2440944 -0.0708661 0 P 0
L -1.281496 -0.0246063 -1.2421259 -0.0246063 0 P 0
L -1.281496 -0.1171259 -1.2421259 -0.1171259 0 P 0
L -1.281496 -0.1171259 -1.281496 -0.0246063 0 P 0
L -1.2834645 0.5019685 -1.2834645 0.5374015 0 P 0
L -1.2884509 -0.1171259 -1.2884509 -0.0246063 0 P 0
L -1.301181 0.519685 -1.2657479 0.519685 0 P 0
L -1.3031495 0.4734252 -1.2637794 0.4734252 0 P 0
L -1.3031495 0.4734252 -1.3031495 0.5659448 0 P 0
L -1.3031495 0.5659448 -1.2637794 0.5659448 0 P 0
L -1.3031496 0.0984252 -1.019685 0.0984252 0 P 0
L -1.3031496 0.0984252 -1.3031496 0.3818898 0 P 0
L -1.3031496 0.3818898 -1.019685 0.3818898 0 P 0
L -1.308136 -0.0885826 -1.308136 -0.0531496 0 P 0
L -1.3110237 0.4734252 -1.3110237 0.5659448 0 P 0
L -1.3159449 0.1062992 -1.3159449 0.1692914 0 P 0
L -1.3238189 0.055118 -1.3238189 0.0944881 0 P 0
L -1.3258525 -0.0708661 -1.2904194 -0.0708661 0 P 0
L -1.3267717 -0.507874 -1.1377953 -0.507874 0 P 0
L -1.3267717 -0.6968504 -1.1377953 -0.6968504 0 P 0
L -1.3267717 -0.6968504 -1.3267717 -0.507874 0 P 0
L -1.327821 -0.0246063 -1.2884509 -0.0246063 0 P 0
L -1.327821 -0.1171259 -1.2884509 -0.1171259 0 P 0
L -1.327821 -0.1171259 -1.327821 -0.0246063 0 P 0
L -1.3307087 0.5019685 -1.3307087 0.5374015 0 P 0
L -1.3484253 0.519685 -1.3129922 0.519685 0 P 0
L -1.3503938 0.4734252 -1.3110237 0.4734252 0 P 0
L -1.3503938 0.4734252 -1.3503938 0.5659448 0 P 0
L -1.3503938 0.5659448 -1.3110237 0.5659448 0 P 0
L -1.3582676 0.4527558 -1.3582676 0.57874 0 P 0
L -1.3622047 -0.2244094 -1.3622047 -0.2007874 0 P 0
L -1.3700787 0.0570865 -1.3700787 0.0925196 0 P 0
L -1.371063 0.1259843 -1.371063 0.1496063 0 P 0
L -1.371063 0.2460629 -1.371063 0.285433 0 P 0
L -1.371063 0.2929133 -1.371063 0.3322834 0 P 0
L -1.371063 0.3397637 -1.371063 0.3791338 0 P 0
L -1.3740157 -0.2125984 -1.3503937 -0.2125984 0 P 0
L -1.382874 0.1377953 -1.359252 0.1377953 0 P 0
L -1.3877952 0.0748031 -1.3523622 0.0748031 0 P 0
L 1.3976378 -0.3149606 1.3976378 0.3149606 0 P 0
L 1.4005906 -0.0669291 1.4242126 -0.0669291 0 P 0
L -1.4104331 0.1783643 -1.4104331 0.2177344 0 P 0
L 1.4124016 -0.0787401 1.4124016 -0.0551181 0 P 0
L -1.4163385 0.055118 -1.3238189 0.055118 0 P 0
L -1.4163385 0.055118 -1.4163385 0.0944881 0 P 0
L -1.4163385 0.0944881 -1.3238189 0.0944881 0 P 0
L -1.4173228 0.2480314 -1.4173228 0.2834645 0 P 0
L -1.4173228 0.2948818 -1.4173228 0.3303149 0 P 0
L -1.4173228 0.3417322 -1.4173228 0.3771653 0 P 0
L -1.4222441 0.3984072 -1.4222441 0.4377773 0 P 0
L -1.4261811 0.1062992 -1.3159449 0.1062992 0 P 0
L -1.4261811 0.1062992 -1.4261811 0.1692914 0 P 0
L -1.4261811 0.1692914 -1.3159449 0.1692914 0 P 0
L -1.4322856 0.1176735 -1.4322856 0.1570435 0 P 0
L -1.4350393 0.265748 -1.3996063 0.265748 0 P 0
L -1.4350393 0.3125984 -1.3996063 0.3125984 0 P 0
L -1.4350393 0.3594488 -1.3996063 0.3594488 0 P 0
L -1.4370078 0.5039369 -1.4370078 0.5275589 0 P 0
L -1.4488188 0.5157479 -1.4251968 0.5157479 0 P 0
L -1.4566929 0.1803328 -1.4566929 0.2157659 0 P 0
L -1.4635826 0.2460629 -1.371063 0.2460629 0 P 0
L -1.4635826 0.2460629 -1.4635826 0.285433 0 P 0
L -1.4635826 0.285433 -1.371063 0.285433 0 P 0
L -1.4635826 0.2929133 -1.371063 0.2929133 0 P 0
L -1.4635826 0.2929133 -1.4635826 0.3322834 0 P 0
L -1.4635826 0.3322834 -1.371063 0.3322834 0 P 0
L -1.4635826 0.3397637 -1.371063 0.3397637 0 P 0
L -1.4635826 0.3397637 -1.4635826 0.3791338 0 P 0
L -1.4635826 0.3791338 -1.371063 0.3791338 0 P 0
L -1.4685039 0.4003757 -1.4685039 0.4358088 0 P 0
L -1.4716557 0.1334215 -1.4716557 0.1412955 1 P 0
L -1.4744094 0.1980494 -1.4389764 0.1980494 0 P 0
L -1.4755927 0.1373585 -1.4677187 0.1373585 1 P 0
L -1.4862204 0.4180923 -1.4507874 0.4180923 0 P 0
L -1.5029527 0.1783643 -1.4104331 0.1783643 0 P 0
L -1.5029527 0.1783643 -1.5029527 0.2177344 0 P 0
L -1.5029527 0.2177344 -1.4104331 0.2177344 0 P 0
L -1.5059055 0.6708661 -0.9645669 0.6708661 0 P 0
L -1.5059055 0.6708661 -1.5059055 0.8767716 0 P 0
L -1.5059055 0.8767716 -0.9645669 0.8767716 0 P 0
L -1.5110258 0.1176735 -1.4322856 0.1176735 0 P 0
L -1.5110258 0.1176735 -1.5110258 0.1570435 0 P 0
L -1.5110258 0.1570435 -1.4322856 0.1570435 0 P 0
L -1.5147637 0.3984072 -1.4222441 0.3984072 0 P 0
L -1.5147637 0.3984072 -1.5147637 0.4377773 0 P 0
L -1.5147637 0.4377773 -1.4222441 0.4377773 0 P 0
L -1.515748 0.4527558 -1.3582676 0.4527558 0 P 0
L -1.515748 0.4527558 -1.515748 0.57874 0 P 0
L -1.515748 0.57874 -1.3582676 0.57874 0 P 0
L -1.6141732 -1.2795276 -1.6141732 1.2795276 0 P 0
L -1.6141732 1.2795276 1.6141732 1.2795276 0 P 0
L 1.6141732 -1.2795276 1.6141732 1.2795276 0 P 0
L -1.6141732 -1.2795276 1.6141732 -1.2795276 0 P 0
